-19 -20 0
-19 -21 0
-20 -21 0
-20 -27 0
-20 -34 0
-20 -41 0
-20 -48 0
-21 -28 0
-22 -23 0
-22 -29 0
-22 -36 0
-22 -43 0
-23 -30 0
-23 -37 0
-23 -44 0
-27 -28 0
-27 -34 0
-27 -41 0
-27 -48 0
-29 -30 0
-29 -31 0
-29 -36 0
-29 -43 0
-30 -31 0
-30 -37 0
-30 -44 0
-31 -38 0
-33 -34 0
-33 -40 0
-33 -47 0
-34 -41 0
-34 -48 0
-36 -37 0
-36 -38 0
-36 -39 0
-36 -40 0
-36 -41 0
-36 -42 0
-36 -43 0
-37 -38 0
-37 -39 0
-37 -40 0
-37 -41 0
-37 -42 0
-37 -44 0
-38 -39 0
-38 -40 0
-38 -41 0
-38 -42 0
-39 -40 0
-39 -41 0
-39 -42 0
-39 -46 0
-40 -41 0
-40 -42 0
-40 -47 0
-41 -42 0
-41 -48 0
-42 -49 0
-43 -44 0
-46 -47 0
-46 -48 0
-46 -49 0
-47 -48 0
-47 -49 0
-48 -49 0
8 22 16 0
-8 -22 0
-8 -16 0
-22 -16 0
11 25 17 19 0
-11 -25 0
-11 -17 0
-11 -19 0
-25 -17 0
-25 -19 0
-17 -19 0
-19 -33 -25 0
19 33 25 0
-19 -33 -27 0
19 33 27 0
-19 -25 -27 0
19 25 27 0
-33 -25 -27 0
33 25 27 0
-25 -39 -31 0
25 39 31 0
-25 -39 -33 0
25 39 33 0
-25 -31 -33 0
25 31 33 0
-39 -31 -33 0
39 31 33 0
-28 -42 -34 0
28 42 0
28 34 0
42 34 0
-38 -44 -46 0
38 44 0
38 46 0
44 46 0
-5 0
-15 0
-18 0



